1790617892.346170961 6.55 0.37 9876034
1790617893.360408351 6.55 0.37 9918257
1790617894.374323036 6.55 1.75 10060847
1790617895.393032328 6.55 1.75 10066504
1790617896.405356837 6.55 1.80 10086379
1790617897.424691139 6.58 1.80 10130599
1790617898.436792971 6.58 2.01 10168741
1790617899.450453224 6.58 2.01 10354670
1790617900.461455954 6.58 4.37 10554304
1790617901.473179266 6.58 4.37 10710033
1790617902.487378646 6.70 6.47 10845304
1790617903.498583946 6.70 6.47 10998498
1790617903.869295227 6.70 6.47 11050456
1790617904.879587454 6.70 7.84 11197930
1790617905.890865605 6.70 7.84 11330566
1790617906.901565289 7.04 8.77 11476890
1790617907.912108492 7.04 8.77 11616546
1790617908.921622510 7.04 9.54 11760391
1790617909.931583432 7.04 10.34 11910088
1790617910.940747794 7.04 10.34 12057715
1790617911.950580219 8.32 11.01 12212725
1790617912.961903756 8.32 11.01 12367360
1790617913.974096995 8.32 11.73 12522176
1790617914.986454885 8.32 11.73 12679151
1790617915.999677480 8.32 12.32 12826726
1790617917.012893076 9.74 12.32 12974707
1790617918.023574208 9.74 12.62 13130099
1790617919.034909190 9.74 12.62 13216915
1790617920.044988620 9.74 11.06 13219838
1790617921.066293313 9.74 11.06 13222267
1790617922.082569848 8.96 9.06 13224966
1790617923.094277255 8.96 9.06 13226739
1790617924.115375309 8.96 7.41 13229160
1790617925.138460897 8.96 7.41 13230652
1790617926.154764916 8.96 6.07 13232373
1790617927.171994833 8.24 6.07 13234352
1790617928.180679072 8.24 4.97 13236314
1790617929.194568580 8.24 4.97 13238089
1790617930.213491625 8.24 4.07 13240273
1790617931.225910034 8.24 4.07 13242232
1790617932.244243382 7.66 3.33 13244716
1790617933.264354417 7.66 3.33 13246309
1790617934.276096329 7.66 2.73 13248430
1790617935.295846671 7.66 2.73 13249951
1790617936.314732101 7.66 2.23 13251661
1790617937.334096045 7.05 2.23 13253434
1790617938.354556309 7.05 1.83 13255601
1790617939.370575312 7.05 1.83 13257362
1790617940.387799233 7.05 1.49 13259099
1790617941.409031224 7.05 1.49 13261299
1790617942.422909422 6.48 1.22 13263059
1790617943.442034560 6.48 1.22 13264469
1790617944.461471967 6.48 1.00 13266462
1790617945.478000697 6.48 1.00 13268288
1790617946.494915587 6.48 0.82 13269903
1790617947.517438919 6.04 0.82 13271817
1790617948.534013957 6.04 0.67 13274060
1790617949.554546300 6.04 0.67 13276307
1790617950.570753419 6.04 0.55 13278704
1790617951.592959216 6.04 0.55 13280170
1790617952.613242518 5.56 0.45 13281981
1790617953.624242185 5.56 0.45 13284033
1790617954.639424065 5.56 0.36 13286167
1790617955.662080579 5.56 0.36 13287991
1790617956.680439975 5.56 0.30 13289846
1790617957.700049433 5.19 0.30 13291623
1790617958.711653451 5.19 0.24 13293623
1790617959.729746281 5.19 0.24 13295369
1790617960.747850510 5.19 0.20 13297937
1790617961.761336872 5.19 0.20 13300245
1790617962.778538168 4.78 0.16 13301660
1790617963.793446051 4.78 0.16 13303916
1790617964.815417614 4.78 0.13 13306351
1790617965.837042346 4.78 0.13 13308424
1790617966.853890601 4.55 0.11 13310604
1790617967.876169035 4.55 0.11 13312384
1790617968.897694852 4.55 0.09 13313884
1790617969.917533206 4.55 0.09 13316038
1790617970.941398541 4.55 0.07 13318249
1790617971.951945744 4.19 0.07 13320283
1790617972.966287310 4.19 0.06 13321648
1790617973.990226795 4.19 0.04 13323505
1790617975.003933604 4.19 0.04 13325826
1790617976.024774011 4.19 0.03 13327661
1790617977.044313556 3.85 0.03 13329744
1790617978.063215864 3.85 0.03 13331785
1790617979.084434220 3.85 0.03 13333561
1790617980.093864341 3.85 0.02 13335707
1790617981.110743321 3.85 0.02 13337485
1790617982.134638070 3.54 0.02 13339484
1790617983.151035933 3.54 0.02 13341710
1790617984.164603086 3.54 0.01 13344390
1790617985.185517210 3.54 0.01 13345961
1790617986.207139111 3.54 0.01 13348400
1790617987.230869924 3.42 0.01 13350001
1790617988.247693971 3.42 0.01 13352039
1790617989.268134592 3.42 0.01 13354191
1790617990.291910267 3.42 0.00 13356030
1790617991.305602964 3.42 0.00 13358127
1790617992.323470265 3.15 0.00 13360687
1790617993.339274173 3.15 0.00 13361956
1790617994.349812082 3.15 0.00 13364159
1790617995.369369750 3.15 0.00 13366016
1790617996.390796470 3.15 0.00 13367945
1790617997.411890832 2.97 0.00 13369499
1790617998.435729176 2.97 0.00 13371404
1790617999.452538427 2.97 0.00 13373181
1790618000.474436470 2.97 0.00 13374552
1790618001.492112371 2.97 0.00 13376732
1790618002.501176041 2.74 0.00 13379671
1790618003.522411361 2.74 0.00 13381188
1790618004.545784718 2.74 0.00 13383105
1790618005.559849951 2.74 0.00 13385005
1790618006.577378850 2.74 0.00 13387653
1790618007.588983603 2.60 0.00 13389317
1790618008.596938877 2.60 0.00 13391749
1790618009.610198844 2.60 0.00 13395167
1790618010.618943264 2.60 0.00 13399523
1790618011.635113258 2.60 0.00 13402737
1790618012.648489157 2.55 0.00 13406467
1790618013.667371020 2.55 0.00 13409467
1790618014.679718433 2.55 0.00 13414170
1790618015.699801560 2.55 0.00 13416337
1790618016.717779947 2.55 0.00 13418931
1790618017.732316635 3.47 0.00 13444807
1790618018.753405289 3.47 0.18 13454073
1790618019.766769801 3.47 0.18 13463316
1790618020.786458652 3.47 0.14 13466974
1790618021.809182529 3.47 0.14 13472584
1790618022.822121530 3.19 0.12 13475907
1790618023.838524236 3.19 0.12 13477743
1790618024.858698394 3.19 0.09 13481232
1790618025.877314139 3.19 0.09 13483380
1790618026.896363010 2.93 0.08 13484992
1790618027.915662839 2.93 0.08 13487399
1790618028.933716789 2.93 0.06 13488912
1790618029.950067879 2.93 0.06 13490658
1790618030.971347206 2.93 0.05 13492495
1790618031.993379654 2.78 0.05 13494416
1790618033.012441173 2.78 0.04 13495818
1790618034.024545198 2.78 0.03 13498052
1790618035.043888061 2.78 0.03 13499563
1790618036.067861692 2.78 0.02 13501733
1790618037.082010447 2.56 0.02 13504018
1790618038.098840387 2.56 0.02 13507194
1790618039.112782803 2.56 0.02 13512278
1790618040.123490923 2.56 0.01 13520929
1790618041.134517531 2.56 0.01 13527736
1790618042.144411764 3.39 0.01 13539226
1790618043.155026693 3.39 0.01 13546193
1790618044.162644815 3.39 0.19 13564275
1790618045.175286347 3.39 0.19 13574247
1790618046.184695535 3.39 0.15 13583542
1790618047.197565720 5.44 0.15 13593691
1790618048.208677740 5.44 0.31 13613329
1790618049.219908378 5.44 0.31 13619839
1790618050.228870201 5.44 0.43 13634405
1790618051.237689768 5.44 0.43 13645485
1790618052.253235600 7.73 0.53 13666271
1790618053.266033410 7.73 0.53 13681310
1790618054.275491086 7.73 0.62 13690220
1790618055.288387800 7.73 0.62 13712171
1790618056.299704162 7.73 0.69 13722551
1790618057.315308669 9.67 0.69 13731537
1790618058.328394316 9.67 0.56 13743052
1790618059.348797086 9.67 0.56 13752917
1790618060.361002930 9.67 0.46 13761441
1790618061.369488729 9.67 0.46 13778145
1790618062.386696362 10.66 0.56 13789224
1790618063.396900201 10.66 0.56 13797026
1790618064.406721145 10.66 0.45 13802662
1790618065.417965206 10.66 0.45 13812401
1790618066.429368448 10.66 0.37 13822476
1790618067.440367477 11.65 0.37 13830043
1790618068.453338894 11.65 0.48 13843557
1790618069.465122521 11.65 0.48 13854530
1790618070.476078545 11.65 0.58 13886781
1790618071.486841983 11.65 0.58 13897387
1790618072.507779214 11.36 0.65 13902502
1790618073.522453336 11.36 0.65 13907461
1790618074.541600022 11.36 0.53 13911878
1790618075.561070790 11.36 0.53 13914184
1790618076.571786927 11.36 0.44 13916788
1790618077.591730781 10.69 0.44 13920220
1790618078.612754062 10.69 0.36 13922715
1790618079.625182561 10.69 0.36 13926806
1790618080.640450626 10.69 0.29 13930139
1790618081.660630990 10.69 0.29 13932041
1790618082.679423519 9.99 0.24 13934857
1790618083.697692506 9.99 0.24 13936459
1790618084.714397797 9.99 0.19 13938073
1790618085.731787507 9.99 0.19 13940736
1790618086.755475954 9.99 0.16 13942664
1790618087.768515721 9.19 0.16 13945737
1790618088.788418068 9.19 0.13 13951390
1790618089.811087583 9.19 0.13 13954136
1790618090.826194040 9.19 0.10 13956137
1790618091.839133836 9.19 0.10 13958480
1790618092.853131884 8.77 0.08 13961413
1790618093.869532640 8.77 0.08 13964283
1790618094.891304613 8.77 0.07 13967338
1790618095.915548811 8.77 0.07 13969612
1790618096.929992221 8.15 0.05 13972811
1790618097.949859650 8.15 0.05 13974492
1790618098.967342737 8.15 0.04 13977307
1790618099.982988330 8.15 0.04 13981366
1790618101.003245628 8.15 0.03 13983476
1790618102.027686622 7.50 0.03 13986049
1790618103.044891369 7.50 0.03 13989109
1790618104.064526819 7.50 0.02 13990992
1790618105.085647199 7.50 0.02 13993193
1790618106.099441035 7.50 0.02 13996358
1790618107.117293766 6.98 0.02 13998056
1790618108.140183343 6.98 0.01 13999944
