1790617822.557908174 4.24 0.20 5486161
1790617823.580566428 4.24 0.20 5544463
1790617824.594114010 4.24 1.07 5663505
1790617825.614994656 4.24 1.07 5677557
1790617826.640011661 4.24 1.60 5696268
1790617827.652377233 4.06 1.60 5728797
1790617828.661360439 4.06 1.67 5782821
1790617829.670335447 4.06 1.67 5917241
1790617830.684278920 4.06 3.36 6134707
1790617831.694230921 4.06 3.36 6274636
1790617832.704461564 5.58 5.65 6397149
1790617833.718730371 5.58 5.65 6560749
1790617834.732819387 5.58 7.16 6695730
1790617835.744625847 5.58 7.16 6820087
1790617836.757978939 5.58 8.22 6972109
1790617837.769881036 5.69 8.22 7104949
1790617838.783066261 5.69 9.26 7260552
1790617839.795208567 5.69 9.26 7423956
1790617840.804241482 5.69 10.30 7573481
1790617841.815069692 7.48 10.30 7731894
1790617842.825719885 7.48 11.15 7882855
1790617843.834411145 7.48 11.15 8026471
1790617844.843942278 7.48 11.67 8169087
1790617845.855246674 7.48 11.67 8314249
1790617846.865362247 9.28 12.09 8464154
1790617847.876675542 9.28 12.09 8620278
1790617848.889662932 9.28 12.62 8778054
1790617849.901627312 9.28 13.05 8927432
1790617850.914518022 9.28 13.05 9070677
1790617851.924254433 10.94 13.22 9210705
1790617852.933567737 10.94 13.22 9342743
1790617853.946225960 10.94 13.18 9479088
1790617854.958070492 10.94 13.18 9610825
1790617855.970721076 10.94 13.14 9751177
